1000 1
547 105
452 387
460 328
517 95
292 225
132 285
325 50
834 571
648 764
368 553
973 755
368 307
355 251
301 668
899 885
486 879
969 650
862 63
202 391
288 218
604 178
393 650
274 131
86 564
943 142
752 340
198 529
829 657
103 417
825 996
164 322
613 647
596 615
894 380
440 182
993 643
93 71
414 56
601 727
690 348
105 520
122 3
619 491
93 263
711 105
849 475
731 134
920 121
895 335
660 32
582 206
849 681
927 363
714 601
746 101
439 811
967 433
901 231
971 930
182 318
332 282
123 39
216 360
320 455
529 707
895 396
619 70
151 403
241 300
277 827
573 765
899 906
559 906
209 390
807 78
898 78
854 941
329 610
122 609
571 168
665 651
799 65
201 95
203 483
444 155
248 192
761 265
953 183
185 218
559 65
336 270
353 631
901 866
842 251
611 201
444 76
744 110
500 381
326 936
157 960
912 687
698 439
112 390
790 795
655 210
694 289
348 786
970 434
136 96
199 777
889 95
16 130
174 52
55 834
114 426
478 170
757 217
395 991
80 271
148 191
975 209
750 308
291 779
949 5
657 231
95 758
357 123
681 580
99 934
447 430
39 572
405 817
363 88
500 954
169 209
306 417
658 104
792 356
199 41
570 929
830 824
226 369
231 294
374 273
398 772
588 859
228 951
723 669
850 669
403 183
845 919
392 890
256 807
579 344
990 771
194 927
760 291
377 610
846 488
880 657
225 373
318 24
392 387
63 326
537 815
891 214
851 215
543 323
985 949
31 168
938 346
188 781
54 231
330 857
428 528
990 476
698 498
174 44
364 39
65 756
785 943
441 103
354 857
206 27
869 491
301 171
433 478
232 573
58 341
32 238
551 575
40 611
442 771
852 489
96 476
985 991
690 725
463 514
107 478
909 145
131 880
628 147
755 590
86 286
82 804
584 329
680 732
982 4
817 767
742 910
428 673
552 895
316 856
524 936
750 118
956 191
36 893
788 639
770 978
287 200
480 829
788 922
863 744
9 664
919 854
398 539
15 247
877 932
999 825
888 231
43 992
732 204
280 257
645 103
229 579
451 426
34 880
139 26
35 995
160 199
115 193
67 360
707 453
81 631
42 375
516 16
329 653
165 360
831 261
296 515
3 969
736 446
336 516
525 95
254 276
19 586
974 968
157 269
398 492
826 118
254 43
527 124
610 596
493 131
161 984
764 227
317 667
616 35
180 481
299 570
694 251
947 863
336 850
541 914
873 899
394 355
179 84
201 297
468 958
734 357
710 227
466 648
283 298
338 337
93 80
972 804
884 530
919 368
777 72
250 392
804 156
305 668
865 851
819 568
912 283
983 710
189 118
280 328
597 661
231 560
874 177
752 899
472 822
383 339
841 122
709 477
982 612
925 147
328 184
748 346
230 986
881 694
511 40
16 804
610 429
933 281
292 587
240 177
458 18
172 546
112 510
108 234
17 797
400 550
855 178
588 326
902 891
146 877
628 866
410 829
259 450
630 602
387 223
267 405
34 411
125 892
141 543
498 104
939 343
953 935
703 489
868 883
991 231
276 195
692 563
357 601
369 443
50 764
398 949
825 798
135 636
394 577
681 11
852 277
365 825
817 421
401 262
43 307
682 646
79 649
126 52
217 538
882 536
232 839
839 956
299 558
194 571
444 401
60 267
148 395
799 692
839 496
675 201
497 941
279 647
673 837
92 44
974 38
326 34
760 196
724 460
72 564
155 896
817 995
38 918
216 848
97 568
643 480
525 498
543 505
206 923
956 425
484 580
612 647
655 345
834 105
502 398
384 448
386 4
300 361
878 597
587 174
466 180
398 525
457 903
652 239
775 265
440 211
167 884
508 963
635 820
359 368
197 34
475 290
374 159
522 26
582 191
18 660
539 432
350 615
405 427
992 63
345 410
107 757
45 275
198 964
692 148
622 615
497 119
442 82
193 264
188 149
359 810
765 637
525 566
882 564
195 113
470 966
95 293
989 561
680 145
296 729
919 384
898 734
380 104
801 936
276 974
401 174
225 575
710 747
259 794
832 906
518 973
284 484
244 45
609 576
884 914
647 834
395 970
327 142
778 548
279 591
559 544
733 227
625 357
830 585
967 547
703 999
912 979
44 85
8 676
783 941
897 431
459 375
968 36
521 704
50 822
59 355
159 525
895 828
958 539
703 920
841 138
447 712
794 147
126 600
157 841
592 307
736 304
867 673
105 848
311 319
461 767
195 910
624 185
487 392
153 245
751 640
202 710
25 502
466 334
620 40
880 357
126 688
115 733
380 777
830 877
156 697
636 753
617 263
183 879
184 381
642 346
591 134
560 778
722 372
969 326
309 555
552 83
661 823
577 17
170 730
992 247
352 723
820 118
639 272
597 123
10 607
314 952
558 17
606 629
956 488
35 3
680 283
583 962
402 96
447 780
181 321
89 345
718 844
695 465
760 645
789 487
808 177
15 542
780 407
416 364
111 789
551 287
153 658
788 73
264 116
222 334
759 670
299 60
222 754
575 595
194 725
313 564
646 811
938 46
642 768
399 767
852 370
889 856
516 131
203 725
781 963
908 507
216 373
638 706
66 993
270 805
890 666
717 855
580 168
118 201
761 897
705 722
378 115
15 222
475 870
535 41
677 472
281 750
918 208
689 299
220 151
966 880
224 444
411 864
984 239
541 622
16 344
870 508
907 497
176 576
560 474
963 615
400 758
890 16
44 805
125 243
45 562
1 118
932 463
237 798
64 262
67 114
816 166
702 701
966 555
699 295
743 975
882 825
128 212
867 727
583 358
368 938
663 160
943 100
744 727
109 184
961 409
363 235
400 945
128 978
585 158
577 717
154 611
434 803
313 303
895 667
91 477
399 672
973 840
393 745
375 9
634 217
983 700
205 223
605 675
657 233
622 709
185 120
552 397
449 692
328 860
941 521
678 479
976 933
876 600
339 745
631 262
412 803
403 304
214 120
831 198
398 8
61 623
16 926
328 142
400 633
884 513
270 22
456 633
546 715
118 977
700 97
38 567
856 23
973 196
26 336
715 897
197 458
194 403
921 600
70 136
396 727
822 467
537 807
537 234
875 209
88 457
152 585
959 198
388 413
374 272
563 376
757 913
59 887
529 828
148 965
905 170
285 872
154 565
412 606
42 323
860 680
585 974
671 78
500 28
459 507
175 359
214 986
974 787
958 506
391 728
662 623
623 813
306 449
351 110
898 212
951 308
453 651
268 946
226 779
620 808
328 163
521 102
896 77
560 283
697 911
598 716
648 678
599 347
20 464
244 759
993 986
265 155
589 421
186 38
14 184
100 464
749 849
181 187
366 544
325 320
784 267
699 905
359 523
962 848
776 540
934 614
997 871
621 484
124 346
843 723
834 504
579 342
382 881
617 441
556 26
613 385
713 601
223 561
814 880
501 382
418 41
945 997
101 283
864 150
407 927
164 870
531 926
1000 671
851 981
251 586
23 937
347 250
843 930
199 649
532 931
22 275
735 742
512 704
247 776
798 47
404 164
488 821
924 366
46 510
559 602
835 358
68 420
512 636
549 19
612 260
872 727
695 41
957 978
389 513
660 904
454 353
220 686
28 485
56 639
662 188
591 33
504 499
769 940
372 222
579 181
87 891
737 538
551 221
920 946
266 147
205 505
98 431
205 248
515 23
627 582
790 287
641 524
435 361
665 916
984 908
683 482
215 684
94 399
173 821
774 931
53 124
889 818
52 2
13 375
495 674
35 721
933 892
883 426
740 868
644 46
429 473
708 279
782 467
624 436
931 119
495 885
189 980
48 116
663 144
49 687
454 51
630 440
716 870
940 487
962 654
275 236
990 409
338 259
720 139
146 751
889 526
253 310
844 772
573 423
790 371
990 324
701 22
668 942
607 335
581 950
781 738
679 625
800 752
915 477
129 373
678 37
370 581
520 68
327 312
511 806
840 349
305 636
557 396
341 736
537 437
802 865
683 936
310 791
886 571
853 28
618 739
483 241
585 29
812 259
959 519
569 552
554 22
370 809
302 471
253 994
64 793
100 858
899 106
169 278
934 48
335 952
422 454
59 469
354 708
603 18
728 332
30 664
739 354
553 127
219 38
453 981
766 819
558 362
253 771
377 792
140 26
593 856
719 333
463 632
18 534
29 719
693 22
162 873
816 882
703 419
510 939
773 352
877 861
90 640
183 796
305 62
445 234
680 415
802 438
454 57
207 743
987 278
988 549
75 799
626 303
896 696
955 208
133 64
952 413
406 765
130 315
873 7
475 917
242 353
638 856
387 685
249 204
302 197
586 379
255 817
997 6
928 558
656 640
335 726
74 869
948 164
901 12
474 213
727 190
163 659
30 545
762 51
246 872
69 235
66 836
212 424
179 109
274 578
631 833
494 995
327 900
408 303
526 21
367 618
691 659
509 987
462 989
594 80
490 972
838 811
580 117
666 331
909 143
145 741
464 319
792 998
975 763
944 331
678 847
258 505
137 437
608 35
843 503
365 252
562 533
574 37
