1000 23
895 626
401 821
597 929
601 76
53 571
56 472
407 944
609 331
131 516
456 862
265 287
737 201
576 913
99 137
616 551
809 749
109 277
305 7
55 267
903 405
476 126
649 561
529 715
651 457
321 33
942 367
593 945
286 47
622 899
283 331
752 151
351 229
71 964
869 376
281 685
913 359
557 501
128 263
331 210
941 13
454 765
611 404
74 251
34 771
411 245
993 943
901 606
397 160
141 221
81 193
753 751
283 212
97 641
5 331
161 896
521 25
45 816
293 217
790 101
318 653
63 634
601 841
572 945
867 229
677 201
361 503
125 164
201 865
960 521
231 981
201 238
189 789
378 322
46 381
57 321
339 821
993 571
792 333
383 897
913 961
831 119
328 473
847 669
693 919
825 426
213 116
813 411
701 289
577 573
708 985
610 641
36 351
48 196
671 606
341 329
281 71
1 921
601 133
777 170
245 248
297 621
625 27
955 116
733 84
792 120
769 961
905 865
921 825
337 809
185 21
521 873
283 833
269 681
566 561
237 891
971 258
101 762
955 769
955 251
320 719
459 921
767 401
345 701
353 200
106 269
505 93
935 726
189 601
969 226
285 141
387 537
19 325
1 528
946 933
11 169
576 46
155 81
269 342
722 41
553 727
965 791
531 645
61 801
494 921
517 801
297 735
206 507
118 241
566 999
943 751
545 390
751 706
962 338
701 287
441 658
191 419
731 622
816 155
677 351
120 981
177 992
743 313
785 301
723 670
473 666
941 547
716 415
9 297
901 851
153 400
243 611
955 549
157 913
295 453
360 401
885 786
933 73
653 547
644 723
251 201
410 86
381 314
311 3
251 606
511 601
106 209
151 449
488 768
69 949
1 385
1 39
366 253
947 895
261 197
207 163
768 1
317 449
105 936
546 100
205 121
57 512
857 233
996 746
978 921
249 966
501 197
966 185
586 641
591 801
820 951
513 437
602 859
26 305
425 254
115 778
661 777
589 903
337 593
165 821
234 340
226 551
729 369
833 523
241 690
479 415
581 482
431 691
654 341
756 41
257 98
890 950
129 911
721 25
153 233
551 591
925 806
145 545
753 137
429 745
715 972
93 887
974 166
1 751
783 951
961 817
870 86
569 463
249 586
511 121
819 697
775 826
986 16
832 926
739 649
69 651
241 971
707 909
233 322
775 631
89 577
161 649
881 131
123 361
785 589
797 206
611 374
431 237
589 736
441 221
41 926
607 322
126 291
221 665
209 137
126 835
509 773
489 543
851 890
81 43
977 573
741 151
590 209
749 701
72 664
153 704
249 791
58 605
428 707
171 517
159 509
945 191
477 181
441 107
30 237
505 996
906 401
398 231
54 748
641 205
203 253
321 379
16 468
261 497
450 889
765 419
657 843
96 591
401 681
964 185
363 727
727 985
331 155
811 334
357 937
577 288
623 819
150 199
201 171
181 259
870 904
249 393
456 877
886 841
557 273
377 981
229 691
568 681
880 721
375 141
885 725
311 645
596 185
901 257
297 637
431 837
66 97
439 843
24 823
976 637
809 835
289 16
181 729
537 631
122 516
321 161
785 775
473 619
807 996
977 906
725 121
545 328
861 705
455 641
121 515
198 932
637 683
741 797
968 790
364 353
604 521
365 721
865 206
302 826
93 515
805 844
462 126
661 411
131 719
814 555
1 797
135 281
521 696
271 23
301 49
341 981
316 25
175 217
352 989
757 183
211 258
531 577
275 141
5 52
276 625
682 249
42 950
533 91
636 416
209 21
655 601
873 149
699 201
516 995
731 116
481 751
136 673
921 516
542 61
237 301
725 148
527 306
981 601
713 755
17 401
35 832
338 461
704 833
622 349
462 656
369 505
801 493
681 15
551 129
37 54
391 651
821 929
176 425
159 711
700 622
7 891
833 89
851 561
50 753
291 841
249 989
830 727
402 856
415 13
697 491
71 707
258 857
833 77
20 533
898 761
287 585
702 923
396 525
957 311
927 951
751 689
464 336
102 183
1 541
454 651
41 689
119 577
233 242
112 991
967 217
793 674
533 63
757 515
212 532
941 937
551 667
997 71
489 381
416 113
115 755
485 823
251 847
913 147
444 369
425 913
939 757
327 583
915 261
105 867
341 653
892 557
483 889
881 141
625 97
603 261
53 659
287 253
369 627
29 309
961 723
814 596
830 97
127 301
623 689
975 647
874 75
845 91
465 633
308 354
33 781
841 501
929 417
438 792
76 666
893 123
733 483
351 433
402 833
97 713
165 293
575 1
10 57
868 58
927 385
733 801
287 403
87 464
247 541
819 876
779 585
521 681
539 88
761 709
785 907
376 606
146 932
3 500
430 524
347 901
333 23
281 413
827 182
927 882
252 217
451 448
299 71
347 420
673 401
56 934
803 724
321 795
241 411
976 281
129 893
561 370
89 348
937 519
250 478
505 55
625 389
909 453
309 298
261 59
633 625
262 661
871 863
626 527
244 689
426 599
793 844
489 624
949 902
921 138
138 407
416 147
651 834
947 427
557 648
564 152
665 124
85 231
945 65
43 188
473 469
262 726
207 386
397 773
177 221
50 898
953 310
926 518
406 705
332 931
101 611
931 41
497 787
529 725
807 139
367 476
883 185
946 176
93 662
246 771
716 953
101 757
845 864
678 101
68 533
858 943
833 109
697 225
669 427
771 625
621 587
85 296
546 432
223 1
499 835
959 121
207 902
35 853
493 956
167 75
630 933
481 712
561 848
564 106
959 924
776 761
112 353
303 620
117 327
842 409
431 286
863 436
817 334
273 166
793 176
279 369
204 291
876 660
776 861
330 569
679 414
446 413
899 354
91 691
31 708
371 442
663 215
481 350
568 916
255 324
435 989
451 425
829 376
773 202
300 231
726 991
399 511
574 261
29 601
498 789
325 241
556 569
393 987
346 401
693 959
859 597
373 964
675 309
953 569
898 172
389 146
777 642
849 960
998 481
364 745
744 961
461 118
167 119
324 245
251 657
595 281
473 117
777 592
349 513
96 51
663 80
6 411
87 61
516 56
535 1
703 311
879 129
897 925
855 175
539 641
27 67
635 471
72 761
59 264
111 789
851 313
9 11
104 385
431 548
850 321
833 421
617 403
714 726
751 871
635 665
592 371
47 60
581 266
614 493
950 445
170 397
463 125
173 641
356 684
760 843
221 925
456 519
190 51
145 414
323 787
409 617
577 910
808 561
32 201
694 367
815 101
21 866
615 506
747 469
676 1
396 107
717 901
94 690
954 521
335 467
128 476
301 538
154 296
61 688
647 43
93 182
389 750
40 498
28 281
646 795
213 799
686 666
841 928
997 458
103 396
470 445
931 839
904 59
528 524
851 180
156 506
800 709
280 333
687 611
156 525
398 358
923 771
504 389
769 554
192 295
757 852
754 616
485 498
53 452
31 372
761 460
796 740
581 945
873 680
83 96
552 47
905 62
657 344
401 982
47 510
33 412
560 51
869 142
263 990
449 315
876 514
22 241
335 611
901 423
965 796
395 262
625 836
110 529
199 889
466 84
332 380
37 337
282 309
698 346
193 432
187 626
565 771
563 372
105 179
487 733
584 930
858 508
763 843
492 189
956 530
572 772
641 605
355 875
486 626
903 584
900 261
922 423
639 921
534 297
340 1000
227 673
480 320
937 559
532 854
242 828
513 434
499 579
184 421
186 925
629 201
329 356
632 929
316 782
197 652
751 846
701 274
236 192
958 521
980 121
355 451
502 689
56 326
304 489
943 628
963 97
667 340
196 638
764 161
825 218
561 884
349 780
608 288
126 650
520 851
983 537
392 529
739 732
429 668
705 770
971 108
588 286
766 757
625 812
989 284
418 501
23 215
904 803
382 711
742 961
541 219
440 75
38 431
697 268
820 640
322 860
201 484
53 759
908 409
861 208
353 292
317 78
239 964
230 863
420 270
689 447
343 193
988 14
194 867
577 408
278 662
578 600
537 984
216 249
105 143
961 256
214 361
290 435
973 241
841 220
344 44
144 737
672 901
948 767
345 613
490 369
711 475
243 536
451 319
431 562
79 37
641 580
626 567
61 894
600 19
428 388
643 401
555 368
918 35
485 235
281 734
784 103
501 718
294 601
161 695
872 963
12 401
570 502
774 289
899 758
720 675
728 547
197 307
18 322
4 447
526 141
720 730
240 365
912 361
801 878
132 515
469 988
195 25
612 281
587 478
337 224
688 824
65 818
95 821
840 529
231 802
424 990
417 822
876 810
495 12
635 90
493 443
70 475
122 794
917 124
134 970
521 222
970 629
993 692
594 617
565 303
701 362
48 237
138 738
952 509
224 174
435 940
69 162
689 598
995 582
279 914
979 133
522 2
481 920
701 394
804 539
558 168
260 341
228 553
349 114
522 449
710 21
873 994
893 64
849 496
92 513
7 158
788 355
474 39
168 641
531 8
957 550
430 82
312 520
544 617
461 422
778 272
641 130
798 476
501 938
697 618
838 754
141 540
926 384
178 41
888 545
140 319
25 232
