100 17
32 31
23 91
81 40
1 65
51 49
9 50
12 22
96 86
65 59
1 73
1 69
91 65
85 45
95 74
29 40
37 21
28 41
96 93
85 83
78 66
79 26
47 75
31 37
97 21
69 30
79 1
100 86
41 25
7 17
1 77
3 39
62 43
46 17
69 44
97 7
53 65
41 36
53 100
89 27
41 61
37 9
18 21
65 51
47 69
81 41
13 35
61 31
45 57
31 57
27 65
50 87
13 45
25 66
35 52
53 71
31 73
77 54
3 100
77 5
46 8
39 33
72 21
6 49
20 89
63 36
49 80
91 82
15 17
74 49
58 56
34 15
2 73
54 22
16 81
60 1
38 26
92 81
88 55
4 41
70 57
67 37
14 85
68 94
56 45
85 11
90 51
61 42
40 98
62 77
94 29
88 93
9 76
73 64
10 21
99 61
83 19
1 48
84 1
24 41
