100
85603 61807 84858 86350 61310 44822 93532 88623 17320 14694 53722 25701 59296 33435 9885 40415 39043 37593 27165 48535 21715 35774 67776 99979 20895 6218 47192 35676 35021 17014 26942 20624 78821 28153 6974 56483 89327 16858 45106 6647 47904 98829 48700 7200 48616 58585 47615 87660 12530 91133 36195 34246 43259 20323 50577 64154 42893 14121 16182 77914 31135 59476 98538 9957 87629 21864 66440 93309 38723 11547 99956 86627 26728 65009 10180 75344 39946 74147 79356 52477 65280 15551 3075 8539 52226 70004 89045 95120 84125 5227 73034 15260 64704 87925 41569 68685 9789 24362 61994 64864
1 2
2 3
3 4
4 5
5 6
6 7
7 8
8 9
9 10
10 11
11 12
12 13
13 14
14 15
15 16
16 17
17 18
18 19
19 20
20 21
21 22
22 23
23 24
24 25
25 26
26 27
27 28
28 29
29 30
30 31
31 32
32 33
33 34
34 35
35 36
36 37
37 38
38 39
39 40
1 41
1 42
1 43
1 44
1 45
1 46
1 47
1 48
1 49
1 50
40 51
40 52
40 53
40 54
40 55
40 56
40 57
40 58
40 59
40 60
61 22
62 24
63 33
64 42
65 53
66 53
67 46
68 19
69 52
70 3
71 28
72 53
73 26
74 3
75 24
76 5
77 27
78 30
79 45
80 24
81 57
82 51
83 37
84 41
85 16
86 46
87 19
88 38
89 20
90 13
91 2
92 33
93 36
94 26
95 14
96 20
97 10
98 52
99 31
100 2
100
41 51
41 52
41 53
41 54
41 55
41 56
41 57
41 58
41 59
41 60
42 51
42 52
42 53
42 54
42 55
42 56
42 57
42 58
42 59
42 60
43 51
43 52
43 53
43 54
43 55
43 56
43 57
43 58
43 59
43 60
44 51
44 52
44 53
44 54
44 55
44 56
51 41
51 42
51 43
51 44
51 45
51 46
51 47
51 48
51 49
51 50
52 41
52 42
52 43
52 44
52 45
52 46
52 47
52 48
52 49
52 50
53 41
53 42
53 43
53 44
53 45
53 46
53 47
53 48
53 49
53 50
54 41
54 42
54 43
54 44
54 45
54 46
18 26
71 54
49 33
51 95
91 38
55 95
51 22
29 27
85 28
68 26
40 90
45 20
66 45
75 17
47 97
22 28
81 16
48 44
91 81
19 99
45 81
54 25
3 95
22 83
60 40
29 41
13 99
96 25
