1000
34709 29880 32464 39344 20279 42750 2672 4690 77238 3707 15875 86568 23919 87345 48528 47370 95580 31890 14560 28220 4635 69504 34836 52182 31065 26766 38230 80702 37040 4373 8015 47206 15736 808 70350 30627 13466 69570 20640 39707 49775 4060 90947 69200 88152 8905 43547 9055 57775 20992 83133 37947 66850 90050 7844 34600 54670 4632 43200 34756 61659 15525 41410 8032 79125 35558 23336 29494 2920 54988 90732 7172 23750 72196 18857 77336 34968 29999 27580 64173 78154 46930 79610 47490 20550 81783 80285 67469 66466 71162 78479 14304 53470 89845 3824 64282 56476 52944 98438 77999 64200 38080 31296 77358 86230 10309 65269 83488 26881 15875 37510 58060 40112 69010 22916 70707 98426 11565 15330 92384 95175 78112 46526 98660 83335 32195 52864 84175 98710 29785 39975 45952 18249 25055 52189 53112 99840 84000 13170 2980 804 80843 51644 12718 86704 632 9688 22760 69843 94110 42928 37900 67812 95153 80412 89010 49275 97961 63494 98304 84484 82028 27652 31180 4768 93960 14933 12327 18010 32090 12180 31571 20792 97691 77232 60443 21832 24984 81312 85386 68966 9250 22542 99457 61440 61296 83735 22989 68820 62270 60432 88200 83361 90716 49329 12636 1500 60544 51904 70652 68046 28788 35506 32518 35090 84810 55280 65086 12910 64840 74551 59654 82282 88350 55713 65190 62168 55156 93928 57917 7498 75798 46768 10493 62032 48834 74240 79186 29296 43152 91838 77827 67532 33495 76097 73585 58880 63242 89080 11542 28289 21979 81116 99938 74475 45216 27703 94432 8314 46240 71344 48450 86156 4912 33762 40794 55453 17776 12682 41275 52726 84401 47809 41000 345 65579 15908 74956 3536 18016 83018 62536 52728 50980 39502 87141 41444 28176 41720 67475 89862 60048 22058 60830 60737 41508 67916 3808 75390 36538 25882 89050 76046 8609 80825 58016 70222 27082 70855 46714 42432 99884 52690 82656 21788 16961 30619 80230 33388 66572 77045 77257 92616 58170 42112 39220 88460 76712 35238 57620 13208 94937 14048 27008 33986 94635 12832 29536 63444 41745 39248 54646 44329 31055 59360 80784 8929 82866 8600 44337 90318 51412 80666 61580 61632 9166 77180 61072 59123 14395 43780 52132 14358 94808 69402 73786 9725 80732 8771 89750 73299 91894 97445 40164 97600 22462 4022 91641 61135 24256 1132 97608 83199 33636 19750 30048 10510 2106 45688 7731 42824 28698 62502 91596 43504 30096 71780 9718 30953 82608 72845 77276 69394 61895 86024 90144 16404 59424 53768 54530 49084 84744 7590 58936 19105 98106 21945 49950 47220 29113 90050 98800 6800 95456 73984 97280 98684 79270 71860 11806 93547 36502 42493 28736 63871 79272 20050 61747 75122 2668 73630 42982 35968 15588 22588 27274 55408 75277 78930 54280 95142 12360 55649 22035 15350 83431 63601 82447 86848 39995 40429 73384 76015 80819 76480 46439 84106 71210 37740 31160 53052 17679 71927 49000 62098 82186 26193 82254 70760 67302 47088 68940 9901 21335 6380 27156 86943 73266 14384 30327 91040 21144 66417 75850 1056 13008 12138 30500 16135 66960 79050 66605 33792 23170 68648 31700 42034 28236 27552 87564 31568 17300 2784 4160 29896 17152 81600 74540 62800 41125 62269 59002 47505 52244 29980 57665 36616 9954 36740 49588 90768 65376 27867 94656 48140 7203 7968 24832 97376 77329 6208 50034 35290 98387 36171 62974 94404 72184 52592 80000 39355 43538 87680 62912 7654 27810 22152 66211 68376 48586 9337 7404 80257 28429 44411 19588 43835 29470 29600 11910 98168 77550 13550 59098 46356 57693 17850 44194 98930 44113 3344 95237 88896 66612 42540 59920 67524 19675 43237 35490 42944 98698 75259 85675 65196 8296 39017 89400 76142 79024 78862 13008 60958 24470 58504 47896 86970 82360 44600 33125 81582 85874 40410 71100 98096 1496 37955 55728 75546 1748 94053 91332 63960 50357 54824 15680 95252 84104 34598 58143 94592 83888 39740 32158 93684 50390 56450 63157 86960 54850 72970 20258 9850 13868 25712 36035 7443 47246 62288 32996 9104 38572 33344 24392 87989 58472 75493 4816 697 57780 47458 97260 32000 34938 97144 50060 35688 72640 44576 6490 85830 96624 78766 98624 59438 31642 92288 36110 1600 12858 5313 71790 58895 45433 7020 51551 33972 27166 92050 97584 48491 32450 3600 15086 49408 12900 80097 85240 23125 45015 49666 24378 46800 83660 82371 36272 75264 6352 22011 90310 40670 10000 94976 77000 2478 14951 83648 92530 31680 70749 92329 5066 49976 65024 79403 18468 65225 39586 20260 11291 76086 60440 82798 9995 57350 58520 40288 79332 20596 31080 44448 11775 8643 38076 87224 49760 31573 69100 80635 94974 71132 80906 40597 29320 60316 12560 25103 9178 30578 68685 58476 55803 26633 46270 54928 82571 94340 24070 87246 65840 48640 85793 28596 94378 37125 93236 3485 55312 58272 98988 74532 51538 71776 4948 8120 55703 47236 62998 97568 91176 26240 27245 83015 22606 53662 39484 94070 86178 8450 11110 65197 57448 35064 27129 2197 41038 60887 51840 7750 84493 64878 38060 84480 22091 88036 24960 89848 59065 70536 4969 97104 1100 85170 99842 78399 665 70088 12836 148 68259 85519 65160 10895 17816 44517 15015 65024 68230 78625 75216 14458 83250 84341 91908 14000 92325 88410 53225 4144 91546 51550 47046 32018 29600 76653 31504 75440 30984 38565 80921 29538 55200 89060 37449 86559 31019 46240 20820 41117 96780 68484 95280 85461 89230 80574 3796 35936 35216 86790 75102 72596 81109 39617 33168 28404 46304 7360 58624 30760 34600 33400 98671 75925 1592 82787 48140 31310 69700 61743 96840 50384 86966 2068 95430 80185 87892 6761 40029 93252 53280 53884 43713 32368 56773 928 9848 94600 38473 93162 3750 57162 99612 85041 58540 84824 80930 97524 64708 51882 11530 22515 58300 19924 91414 14972 55248 75360 53290 34964 490 82588 53840 55405 94870 61368 95258 48675 83470 87988 76064 53388 20500 7192 24 65313 92625 75988 63008 7392 61500 47282 52292 75989 88902 56723 89920 57045 29693 39039 96960 7728 53368 24488 41418 4074 13163 72374 66090 97560 44378 70308 38786 56623 72400 80425 79975 31601 96852 70213 64832 46472 94910 66991 69286 18096 62165 22580 35200 93872 635 7274 50086 21196 56060 29600 96950 14452 16336 55618 50199 
111 65
988 65
65 655
655 199
199 431
431 775
775 283
283 319
319 718
718 762
762 306
306 423
423 487
487 542
542 240
240 589
589 720
720 198
198 609
609 294
294 533
533 540
540 684
684 304
304 579
579 706
706 930
930 757
757 200
200 364
364 234
234 167
167 403
403 33
33 666
666 915
915 434
434 598
598 58
58 461
461 135
135 478
478 901
901 149
149 374
374 409
409 255
255 324
324 311
311 187
187 39
39 710
710 885
885 569
569 217
217 286
286 55
55 79
79 314
314 682
682 733
733 188
188 691
691 907
907 541
541 519
519 228
228 29
29 483
483 767
767 814
814 233
233 281
281 587
587 416
416 24
24 34
34 193
193 103
103 681
681 296
296 607
607 627
627 617
617 112
112 359
359 893
893 658
658 76
76 958
958 555
555 376
376 98
98 231
231 620
620 523
523 858
858 679
679 978
978 244
244 430
430 610
610 139
139 142
142 943
943 30
30 410
410 317
317 961
961 713
713 349
349 977
977 375
375 7
7 105
105 572
572 790
790 959
959 636
636 785
785 109
109 184
184 608
608 439
439 789
789 960
960 748
748 780
780 991
991 212
212 127
127 793
793 659
659 276
276 327
327 854
854 949
949 833
833 213
213 118
118 170
170 226
226 227
227 634
634 865
865 751
751 243
243 946
946 230
230 406
406 727
727 61
61 788
788 508
508 455
455 223
223 201
201 489
489 229
229 583
583 307
307 574
574 900
900 570
570 482
482 766
766 100
100 906
906 986
986 664
664 927
927 512
512 743
743 484
484 393
393 874
874 563
563 573
573 496
496 64
64 437
437 436
436 504
504 332
332 999
999 543
543 371
371 123
123 258
258 492
492 771
771 531
531 388
388 601
601 26
26 561
561 863
863 975
975 83
83 114
114 703
703 926
926 738
738 335
335 592
592 31
31 133
133 564
564 45
45 551
551 786
786 365
365 421
421 80
80 383
383 944
944 486
486 13
13 137
137 316
316 701
701 440
440 846
846 896
896 397
397 692
692 873
873 850
850 862
862 222
222 582
582 445
445 777
777 444
444 983
983 723
723 369
369 700
700 805
805 289
289 801
801 676
676 742
742 384
384 173
173 586
586 85
85 830
830 340
340 102
102 313
313 639
639 980
980 153
153 891
891 735
735 86
86 989
989 699
699 215
215 209
209 741
741 654
654 159
159 970
970 557
557 925
925 717
717 875
875 263
263 419
419 5
5 917
917 953
953 177
177 656
656 851
851 652
652 904
904 532
532 303
303 186
186 56
56 16
16 602
602 739
739 370
370 141
141 998
998 667
667 11
11 192
192 89
89 210
210 817
817 205
205 687
687 898
898 997
997 36
36 425
425 54
54 548
548 93
93 282
282 979
979 623
623 500
500 96
96 559
559 232
232 287
287 847
847 599
599 341
341 145
145 480
480 968
968 218
218 761
761 688
688 818
818 807
807 190
190 91
91 897
897 554
554 356
356 447
447 578
578 180
180 339
339 685
685 635
635 729
729 399
399 547
547 752
752 179
179 136
136 346
346 261
261 625
625 515
515 128
128 150
150 831
831 15
15 252
252 42
42 613
613 518
518 165
165 394
394 140
140 760
760 861
861 596
596 770
770 774
774 902
902 320
320 174
174 338
338 604
604 993
993 769
769 236
236 759
759 992
992 459
459 404
404 764
764 985
985 342
342 744
744 680
680 987
987 462
462 505
505 969
969 90
90 9
9 377
377 490
490 836
836 933
933 84
84 590
590 860
860 615
615 753
753 754
754 308
308 396
396 424
424 781
781 155
155 728
728 268
268 550
550 695
695 809
809 630
630 536
536 497
497 671
671 877
877 246
246 828
828 204
204 730
730 271
271 794
794 385
385 638
638 197
197 264
264 465
465 23
23 21
21 160
160 967
967 41
41 595
595 820
820 895
895 71
71 538
538 53
53 556
556 954
954 822
822 398
398 331
331 194
194 690
690 649
649 196
196 28
28 530
530 345
345 305
305 392
392 724
724 721
721 821
821 143
143 631
631 6
6 716
716 63
63 92
92 669
669 792
792 293
293 605
605 411
411 622
622 43
43 256
256 438
438 466
466 894
894 516
516 783
783 117
117 950
950 535
535 618
618 511
511 395
395 776
776 407
407 463
463 35
35 115
115 884
884 315
315 426
426 491
491 886
886 400
400 565
565 740
740 673
673 50
50 472
472 67
67 537
537 299
299 451
451 191
191 837
837 301
301 78
78 161
161 525
525 808
808 661
661 842
842 360
360 454
454 856
856 864
864 524
524 650
650 966
966 57
57 562
562 69
69 380
380 964
964 990
990 333
333 929
929 131
131 791
791 506
506 104
104 871
871 965
965 976
976 157
157 362
362 402
402 251
251 641
641 151
151 259
259 37
37 121
121 68
68 945
945 597
597 546
546 158
158 278
278 361
361 428
428 132
132 905
905 70
70 178
178 309
309 514
514 473
473 273
273 844
844 956
956 509
509 449
449 453
453 670
670 522
522 849
849 932
932 12
12 545
545 668
668 353
353 539
539 348
348 274
274 940
940 855
855 19
19 250
250 185
185 827
827 732
732 580
580 372
372 919
919 382
382 585
585 845
845 75
75 176
176 912
912 344
344 815
815 405
405 49
49 418
418 981
981 208
208 387
387 829
829 152
152 803
803 750
750 441
441 60
60 797
797 824
824 662
662 442
442 168
168 806
806 420
420 889
889 600
600 292
292 878
878 643
643 134
134 928
928 502
502 708
708 678
678 38
38 725
725 450
450 468
468 779
779 941
941 107
107 245
245 119
119 552
552 4
4 113
113 773
773 321
321 432
432 312
312 709
709 567
567 488
488 714
714 262
262 330
330 811
811 169
169 95
95 433
433 272
272 868
868 957
957 913
913 221
221 481
481 101
101 529
529 772
772 566
566 138
138 705
705 731
731 934
934 726
726 106
106 44
44 265
265 510
510 879
879 951
951 379
379 501
501 813
813 485
485 683
683 584
584 248
248 110
110 686
686 464
464 390
390 702
702 300
300 269
269 77
77 853
853 225
225 373
373 835
835 280
280 417
417 843
843 97
97 87
87 414
414 527
527 254
254 413
413 125
125 363
363 963
963 238
238 1000
1000 391
391 826
826 633
633 479
479 611
611 498
498 916
916 577
577 698
698 216
216 712
712 606
606 164
164 799
799 736
736 381
381 329
329 603
603 704
704 154
154 334
334 663
663 224
224 910
910 696
696 235
235 665
665 401
401 715
715 249
249 768
768 270
270 59
59 581
581 337
337 475
475 576
576 591
591 942
942 352
352 206
206 619
619 626
626 624
624 275
275 521
521 612
612 872
872 782
782 147
147 689
689 931
931 291
291 870
870 909
909 88
88 120
120 412
412 17
17 660
660 787
787 237
237 8
8 719
719 322
322 219
219 94
94 517
517 452
452 629
629 558
558 755
755 493
493 162
162 499
499 647
647 148
148 328
328 298
298 325
325 477
477 645
645 816
816 694
694 214
214 355
355 784
784 18
18 476
476 108
108 267
267 427
427 923
923 318
318 288
288 357
357 503
503 253
253 812
812 347
347 46
46 279
279 876
876 175
175 948
948 350
350 247
247 474
474 1
1 914
914 697
697 937
937 994
994 513
513 189
189 126
126 257
257 922
922 832
832 881
881 747
747 795
795 857
857 722
722 471
471 935
935 675
675 778
778 242
242 588
588 124
124 290
290 99
99 10
10 825
825 637
637 467
467 614
614 984
984 734
734 456
456 869
869 495
495 621
621 182
182 939
939 921
921 920
920 804
804 765
765 116
116 640
640 354
354 848
848 890
890 899
899 648
648 628
628 25
25 460
460 745
745 343
343 971
971 284
284 220
220 866
866 823
823 644
644 737
737 962
962 32
32 74
74 839
839 549
549 544
544 14
14 888
888 3
3 995
995 181
181 911
911 996
996 867
867 73
73 366
366 840
840 746
746 593
593 528
528 302
302 938
938 211
211 802
802 183
183 798
798 144
144 51
51 841
841 594
594 749
749 859
859 903
903 560
560 429
429 40
40 129
129 616
616 378
378 172
172 448
448 763
763 947
947 758
758 469
469 834
834 389
389 146
146 66
66 810
810 351
351 358
358 520
520 2
2 122
122 936
936 72
72 882
882 62
62 819
819 883
883 20
20 955
955 47
47 171
171 156
156 458
458 202
202 203
203 892
892 326
326 908
908 642
642 239
239 336
336 368
368 924
924 553
553 800
800 653
653 323
323 880
880 494
494 408
408 310
310 163
163 22
22 82
82 526
526 677
677 707
707 982
982 422
422 277
277 568
568 632
632 651
651 672
672 130
130 81
81 507
507 457
457 887
887 711
711 260
260 207
207 367
367 470
470 48
48 241
241 646
646 974
974 571
571 285
285 446
446 972
972 534
534 756
756 27
27 443
443 52
52 838
838 852
852 674
674 266
266 796
796 166
166 435
435 195
195 952
952 973
973 657
657 295
295 575
575 918
918 415
415 386
297 386
693 386
1000
988 297
111 693
111 297
111 297
111 297
988 297
111 693
988 297
111 693
111 297
111 297
111 693
988 297
988 297
111 297
111 297
988 693
988 693
988 693
988 693
111 693
988 297
988 297
988 297
111 693
988 693
111 693
988 693
111 693
988 297
111 297
111 297
988 693
111 693
988 297
988 297
111 693
988 297
111 693
111 693
111 693
111 693
988 693
111 693
988 693
988 297
111 693
111 693
988 693
988 297
111 297
988 297
988 693
111 297
988 693
111 693
111 297
988 297
988 693
111 693
988 297
988 297
988 693
111 693
111 297
111 693
111 297
988 693
111 693
111 297
988 693
988 693
988 693
988 297
111 693
988 693
988 693
988 693
111 693
988 693
988 297
988 297
988 693
111 297
111 693
988 297
988 693
988 297
988 693
111 297
988 693
111 693
111 693
111 693
988 693
988 693
988 297
988 297
988 693
111 693
988 693
988 693
111 693
111 297
111 693
111 297
988 693
111 297
111 297
988 297
111 693
988 297
988 693
111 297
988 297
988 693
111 297
988 297
111 297
988 693
988 297
111 693
111 693
988 297
988 297
988 297
111 693
111 297
111 693
988 693
111 693
988 693
988 297
988 693
111 297
111 297
111 297
988 297
988 297
111 297
111 297
988 693
988 297
111 693
111 693
111 693
111 297
988 693
111 297
111 297
111 693
988 297
988 297
111 297
111 297
111 297
988 297
111 693
111 297
988 297
111 693
988 693
988 297
111 297
111 693
111 297
988 693
988 693
988 297
111 297
111 693
988 297
988 297
111 297
111 693
111 297
988 297
988 297
111 297
111 693
111 693
111 297
111 693
988 693
988 693
988 693
988 297
111 297
111 297
988 297
111 693
988 297
111 297
111 297
111 297
988 297
988 297
988 693
988 693
111 297
988 297
111 693
111 297
111 297
988 297
988 693
988 693
988 693
988 693
111 297
111 693
988 693
988 693
111 297
111 297
111 693
111 693
988 693
988 297
988 693
988 297
111 297
988 297
111 693
988 693
111 297
988 297
988 297
111 297
111 297
988 693
111 693
111 693
111 297
988 693
111 693
988 297
988 297
988 693
111 693
988 693
988 297
111 297
988 297
111 693
111 693
111 693
988 297
111 297
111 693
111 297
111 297
111 693
111 693
111 693
111 297
988 693
111 693
111 693
111 693
111 297
111 297
988 693
988 693
111 693
988 693
988 297
988 297
988 693
988 297
111 297
988 693
988 693
988 693
111 693
988 693
111 693
111 693
111 693
111 693
988 297
111 297
111 297
111 297
111 693
988 693
111 297
111 693
111 693
111 693
111 693
111 297
988 297
988 297
988 297
111 297
111 297
988 693
988 297
988 693
111 693
988 693
111 297
111 693
111 297
988 297
111 693
988 693
988 297
111 693
988 693
988 297
988 693
988 297
988 297
988 297
988 693
111 693
111 693
111 297
111 693
111 693
988 693
988 693
111 297
988 693
988 693
111 693
988 693
988 693
111 693
111 693
111 693
988 297
111 297
988 693
111 693
111 693
988 693
111 693
111 693
988 693
111 693
111 693
988 297
988 297
988 693
111 693
111 693
988 693
111 297
988 693
111 693
111 693
111 693
988 297
111 297
111 297
988 297
111 297
111 297
988 693
988 693
111 297
988 693
988 297
988 297
988 693
111 693
988 693
111 693
988 297
111 297
111 693
111 693
111 693
111 297
111 693
988 693
111 297
111 693
988 297
988 693
988 297
988 693
111 297
111 693
988 297
988 297
988 297
988 693
111 693
988 693
988 297
111 297
988 693
988 693
111 297
111 297
111 693
988 297
988 297
111 693
988 693
988 297
988 693
111 297
988 693
988 693
111 297
111 297
988 693
111 693
111 693
988 297
111 297
111 297
111 297
988 693
988 693
111 297
111 297
111 693
111 693
111 693
988 297
111 297
988 297
111 297
111 693
988 693
988 693
988 297
988 693
988 297
111 297
111 693
111 297
988 297
111 693
988 693
988 693
111 693
988 693
111 297
988 297
988 297
111 297
111 297
111 693
988 693
111 297
111 693
111 693
111 693
988 297
988 693
988 297
988 693
988 297
111 297
111 297
988 693
988 297
988 693
111 693
988 297
988 297
988 693
988 693
988 693
988 297
111 693
111 297
111 297
111 297
111 693
111 297
111 693
111 297
988 693
988 297
988 693
111 297
111 297
111 693
988 693
111 693
988 297
111 693
988 693
111 297
111 693
988 693
988 297
988 693
111 297
988 297
111 693
988 297
988 297
111 693
111 693
988 297
988 693
988 693
988 297
111 693
111 693
988 693
111 693
111 297
111 297
988 693
988 297
988 693
111 693
111 693
988 693
111 693
111 693
988 693
988 693
111 693
111 693
988 693
988 693
988 693
111 693
988 693
111 297
988 297
988 297
988 693
111 693
111 297
988 297
988 693
988 297
111 693
111 693
111 693
111 693
111 297
988 297
111 693
111 693
988 693
111 693
111 693
988 297
111 297
111 297
988 693
111 693
111 693
111 297
988 693
988 297
111 693
988 297
988 693
111 693
111 297
988 693
988 693
988 297
988 297
988 693
111 297
988 297
111 693
111 693
988 297
988 693
988 693
111 297
988 297
111 693
111 297
988 297
111 693
988 297
111 693
988 693
988 297
988 297
988 693
988 693
111 297
111 693
988 693
988 297
988 693
988 297
111 693
988 297
111 297
111 297
988 297
988 693
111 297
111 297
111 693
111 693
111 297
111 297
111 297
988 693
988 297
988 297
111 693
111 297
988 297
988 297
988 297
988 297
111 693
988 693
111 297
988 693
988 693
988 693
111 693
988 297
111 297
988 693
988 297
111 693
988 297
988 693
988 693
111 297
988 297
111 693
111 693
111 693
111 693
988 693
988 693
988 297
988 693
988 297
111 693
988 297
988 693
111 297
111 693
988 693
111 693
988 693
988 693
111 693
988 693
111 693
111 297
111 693
111 693
111 693
988 297
988 297
111 693
111 297
988 693
111 693
111 693
111 693
988 693
988 693
111 297
111 693
988 297
111 297
111 693
988 297
111 693
111 297
111 693
111 297
988 693
988 297
111 297
988 693
111 693
988 297
111 693
988 693
111 693
111 693
111 297
988 693
988 297
988 297
111 297
988 693
111 297
111 297
111 297
988 693
111 297
988 297
988 297
988 693
111 693
988 693
111 297
988 693
988 693
988 297
111 693
988 693
988 297
111 693
988 693
111 693
988 693
988 693
111 297
111 297
988 693
988 693
111 693
111 297
988 693
988 297
988 693
988 297
111 297
111 693
111 693
111 297
988 693
988 693
988 297
988 693
988 297
988 297
988 693
988 693
988 297
988 297
111 297
988 297
988 297
988 693
988 693
111 693
111 297
111 693
988 693
918 752
331 23
222 323
675 506
932 179
629 344
835 851
151 588
534 370
875 342
969 400
715 360
92 425
98 560
469 633
736 441
815 387
61 66
923 37
567 735
79 854
56 548
135 913
634 206
899 20
771 860
219 867
643 486
397 662
294 93
885 217
603 30
447 52
88 664
750 370
223 6
553 180
444 279
836 39
59 77
936 87
305 829
666 506
168 948
392 414
631 813
842 628
679 233
248 289
658 118
124 350
529 232
862 28
67 973
401 50
136 125
305 337
194 440
739 971
384 361
174 130
110 14
599 367
655 788
906 198
547 664
248 381
408 76
48 109
158 826
302 800
136 645
85 607
929 682
394 175
657 312
678 567
286 766
905 276
473 292
956 162
542 372
447 203
663 302
479 846
645 173
817 781
387 133
814 253
428 315
978 207
126 84
849 7
282 411
54 753
267 107
478 9
563 808
461 276
121 226
398 940
720 117
249 214
467 458
124 414
973 894
329 453
460 98
860 529
281 93
199 913
274 547
707 28
655 836
61 519
458 775
244 458
24 529
338 492
258 842
87 461
266 230
679 415
943 725
817 538
802 575
474 368
747 427
263 532
50 402
528 323
133 860
388 771
615 508
349 78
538 872
101 435
201 155
879 131
20 143
717 48
415 821
248 542
73 161
914 862
536 123
982 442
212 668
527 721
798 826
49 875
661 688
842 149
279 861
3 73
120 650
471 72
965 534
46 70
931 38
512 960
753 818
486 845
565 964
142 364
239 715
754 190
691 899
760 595
667 321
971 114
537 786
671 793
214 502
539 69
380 496
313 50
894 132
447 150
514 810
876 940
130 752
2 629
576 172
844 113
227 242
380 814
958 763
264 402
470 171
666 154
203 849
332 979
480 448
610 779
718 993
96 837
466 199
722 98
210 41
634 566
379 788
551 365
767 689
859 166
320 588
789 877
207 522
322 120
250 686
679 283
119 968
518 126
575 584
976 240
805 785
572 962
678 535
223 474
640 796
384 82
310 959
832 172
643 516
201 505
787 893
212 231
709 906
841 729
968 283
67 169
482 124
659 991
816 159
955 881
314 455
765 690
213 623
490 597
453 855
747 691
273 240
497 958
39 981
264 689
209 6
482 682
24 690
849 140
372 840
