50
15942 5482 2570 30838 22779 16892 32122 25840 10355 22823 23165 19609 17056 12135 8366 31087 12060 15673 30887 31609 24673 896 5839 20557 19772 3878 16500 9174 15999 24582 10010 3668 9463 14090 3602 29604 2973 3984 28238 26562 31248 18451 3187 15500 23363 15879 13616 7369 15475 24836 
22 34
14 46
32 35
28 35
26 13
12 47
25 24
16 39
47 38
39 22
44 31
39 43
19 32
19 24
34 21
22 40
13 3
4 23
46 24
17 24
23 26
47 14
17 49
31 37
22 36
3 16
44 20
45 26
15 48
9 45
6 15
10 2
12 42
33 31
1 40
50 30
35 33
34 44
1 10
35 27
18 46
29 47
30 29
8 22
15 23
7 16
14 5
41 25
11 23
100
21 14
20 50
11 23
21 10
43 47
47 3
16 24
42 23
24 47
6 17
20 45
20 12
32 45
15 11
48 42
27 17
3 11
11 2
32 13
27 5
15 46
45 39
27 21
50 20
45 17
44 16
3 11
29 12
27 20
8 31
50 7
23 40
7 20
50 9
50 12
49 42
31 31
10 14
19 36
1 38
14 27
20 50
11 40
21 16
25 11
35 17
45 38
5 13
3 3
37 19
48 44
36 44
20 14
9 42
35 21
5 9
15 2
39 41
35 38
9 10
25 31
24 7
14 2
49 34
19 13
2 46
8 17
23 48
40 34
24 22
27 15
44 33
12 7
11 45
44 50
17 31
30 11
15 41
47 12
42 19
19 10
48 3
21 46
46 34
31 37
42 16
28 18
35 38
27 47
48 17
17 48
47 45
26 44
21 3
19 19
34 12
39 15
32 33
38 24
29 40
