100
15961 4436 11451 11378 19131 7685 18028 8276 11121 18703 22277 19873 18817 13109 10447 4044 9128 27921 9103 8917 27630 28245 30392 29877 9086 4695 13279 9724 10421 15821 28015 32185 27513 4564 11678 21658 15308 20536 22944 15188 26272 21743 21786 24645 5357 18662 31193 30808 8450 29185 14276 12074 22041 17501 28943 25195 20013 6360 26290 11398 25104 11475 18714 644 24504 20278 16670 26925 31449 24245 1332 1393 11194 32082 20197 3079 28737 7459 17534 21588 9039 19030 11017 4750 24148 22130 29819 32033 6426 18655 32303 24914 31717 14505 5011 27426 6078 29569 2338 9333 
89 38
15 32
33 42
7 48
67 18
87 35
38 65
98 28
72 31
21 82
86 68
55 84
46 17
57 80
73 58
46 89
32 84
73 7
57 35
26 5
3 96
94 37
71 57
3 36
40 77
15 98
70 74
100 76
17 56
24 95
79 96
70 16
27 28
89 31
63 41
15 96
42 30
36 17
95 3
4 96
35 43
19 16
39 41
94 83
44 91
2 27
78 51
67 65
18 81
20 4
90 68
55 25
49 43
90 28
75 84
30 65
17 39
77 15
9 83
54 22
71 31
55 16
75 73
59 12
80 47
30 53
51 81
6 7
32 9
68 23
14 79
82 16
90 92
91 30
34 85
41 29
54 24
66 14
8 97
16 69
26 79
61 51
99 1
52 88
99 89
73 100
91 12
77 45
97 66
60 86
93 48
11 35
34 72
64 6
80 88
10 27
50 36
62 18
13 40
100
23 5
25 45
94 18
23 62
68 95
86 16
51 91
8 3
9 65
13 100
94 16
93 85
44 30
7 26
12 80
86 60
15 3
69 51
57 15
86 7
17 88
82 10
65 41
23 33
27 19
39 84
15 59
38 91
99 75
34 11
13 43
5 72
28 14
58 47
41 50
4 7
31 48
15 4
65 25
8 1
3 66
39 98
12 85
78 44
23 68
69 12
35 17
37 9
99 79
66 10
78 68
96 55
71 76
99 82
68 53
85 17
79 59
96 91
10 1
65 36
24 4
89 1
68 72
25 99
30 94
83 58
46 17
87 5
87 27
3 40
33 13
15 91
83 37
11 89
8 64
58 19
70 68
83 66
43 16
83 2
16 14
54 97
3 52
33 47
29 18
79 91
32 70
30 65
9 37
40 42
18 98
51 17
90 72
70 11
73 97
57 78
81 52
79 81
17 70
97 67
