200
16027 22796 8286 1124 28814 20683 14741 15266 13673 26814 19319 20754 2842 16356 28307 23126 21199 3209 12950 20658 26564 10184 3009 6329 6233 29263 13466 11558 13672 30306 22498 28936 11221 27427 5832 27938 23655 32016 16220 31889 9686 32717 18246 11439 21797 27940 24248 21560 28721 21834 12193 9643 3723 9315 7460 16627 13443 24905 5960 2119 25733 18825 22257 15439 23209 28335 5647 9096 9861 14532 6165 16617 5958 29204 5805 24007 11775 16437 26281 27382 2624 11844 26941 32049 1259 11378 7532 26811 27971 10431 26049 16455 7238 9478 22079 15126 21053 28218 7834 18015 4753 22767 25768 17907 29152 10012 8978 18465 2640 31519 24655 12503 2595 31745 20947 8203 4236 3836 16259 5977 19649 19002 15213 8942 4946 1248 438 2468 23993 10315 5331 18542 26674 9881 27132 23799 25037 14956 14814 9094 25281 21482 18833 19493 7427 22281 16329 11010 31511 3849 23120 26645 8487 31554 6068 20995 1106 22815 10557 22595 3142 3947 16673 28799 29457 24267 4347 27453 22324 31628 3194 31678 13305 29855 17494 30502 13319 3042 28041 3806 4660 25506 26811 2615 31898 9565 24062 17232 11757 1484 16571 27449 12556 18976 20460 22872 725 12941 26252 27148 
199 166
165 34
18 159
169 37
113 135
98 200
123 86
77 47
37 134
197 127
3 64
195 46
94 123
32 150
64 87
187 183
71 152
74 6
167 190
22 38
116 133
91 101
12 148
134 26
12 142
143 102
18 126
25 40
3 78
144 134
86 18
187 8
24 88
57 143
81 139
104 142
143 120
116 24
193 16
158 194
191 31
109 170
169 172
57 25
21 2
61 29
101 119
172 178
200 139
176 41
55 115
119 153
194 111
7 86
45 64
51 199
118 38
31 84
56 129
40 8
76 199
136 67
110 77
56 44
174 137
190 101
177 40
138 150
15 91
196 183
174 199
200 144
103 197
132 91
127 7
33 13
1 172
112 73
193 110
127 134
156 50
92 18
23 16
138 198
117 52
138 171
5 140
195 181
51 42
46 172
98 137
186 162
183 48
48 152
17 182
58 80
81 68
70 96
12 185
81 67
43 30
37 39
171 46
65 82
29 41
139 59
161 82
169 162
158 109
20 19
165 172
23 7
23 140
127 164
108 20
162 118
61 157
4 86
37 99
84 41
90 38
16 131
155 94
104 134
147 144
140 194
149 155
104 124
52 119
11 75
28 85
112 58
13 162
97 65
99 106
68 154
138 114
48 66
120 191
175 159
145 6
151 112
161 22
91 55
123 183
21 107
36 193
99 141
130 123
36 14
59 72
7 43
149 113
85 41
167 122
168 48
132 194
87 116
23 160
182 161
22 70
75 85
156 24
120 44
5 20
8 116
154 54
92 63
114 69
130 121
192 36
173 170
84 146
151 105
74 148
62 112
62 120
107 55
89 18
100 125
179 188
179 21
44 53
95 141
123 49
176 9
184 145
186 128
79 174
137 125
83 61
106 180
35 151
74 163
45 10
182 189
148 93
27 8
60 122
300
124 154
69 108
101 159
85 164
36 13
110 195
89 188
33 104
126 35
101 143
49 131
93 122
60 44
179 68
169 159
61 170
138 107
144 195
72 132
107 26
18 17
85 33
17 93
161 184
146 200
88 30
99 134
39 126
169 57
60 174
177 2
131 37
165 102
158 11
34 71
76 30
80 160
137 34
193 197
79 160
142 154
74 186
134 51
10 141
64 108
109 152
172 34
180 140
149 186
87 85
161 168
67 105
76 50
162 118
137 134
75 200
43 97
100 83
11 50
166 62
171 175
136 49
67 150
166 104
1 174
171 200
150 135
157 186
135 199
120 198
153 55
46 114
113 62
69 186
34 52
177 34
184 169
148 106
61 22
27 25
42 180
43 165
49 164
12 186
120 16
196 42
32 128
103 83
55 7
46 47
131 87
93 200
168 97
178 186
140 42
10 70
88 51
198 44
130 128
167 152
97 43
5 9
88 33
198 134
7 165
53 145
78 36
177 17
91 169
152 178
174 18
12 184
131 163
125 196
112 49
174 45
136 121
188 147
183 170
132 129
175 97
12 113
42 100
134 180
25 24
97 194
188 38
200 86
131 164
6 165
172 168
162 65
110 123
184 34
38 51
80 4
72 161
107 78
8 157
115 58
9 134
162 1
94 7
158 1
47 126
91 57
6 38
170 115
27 87
89 195
21 141
66 176
10 119
145 89
48 168
16 194
188 139
93 127
188 179
182 160
80 161
52 133
94 129
150 44
167 119
199 25
91 14
123 61
108 193
29 154
154 14
109 5
11 7
97 21
21 155
177 172
166 109
23 12
172 163
31 171
177 186
67 98
58 167
162 186
152 9
130 136
70 86
147 83
91 43
110 59
131 56
126 180
177 10
102 4
128 3
20 25
10 191
44 118
152 9
39 120
100 190
5 156
27 159
161 59
119 13
197 72
108 112
126 9
153 168
48 173
1 168
37 142
123 104
74 46
190 162
123 70
177 55
112 93
42 27
192 38
182 86
149 181
161 108
47 19
174 24
14 80
88 92
146 97
170 156
30 34
76 4
125 117
79 94
67 115
187 129
158 99
39 95
118 33
121 77
179 145
87 112
47 36
133 22
188 106
47 115
111 121
34 21
37 52
142 26
148 152
86 89
125 131
155 38
89 197
70 98
82 132
109 170
155 51
40 22
50 194
20 77
181 140
103 55
59 4
197 3
197 18
115 75
69 93
162 44
101 137
78 34
98 27
128 164
179 82
193 4
133 25
55 138
97 146
149 57
8 109
22 41
13 89
138 111
76 154
28 146
26 100
35 31
45 23
168 128
13 19
199 96
76 70
90 130
10 20
154 99
107 14
87 92
61 30
170 165
12 58
