500
16049 32499 2263 5728 2712 15402 3761 27543 30950 16545 18284 21063 26743 1108 19812 13420 12317 1114 25765 21491 8169 20247 9809 22663 10150 8370 31554 28584 18087 9161 10737 13053 10435 10852 31638 18667 5277 29480 15505 29542 3881 20174 7177 263 22635 14803 11987 21599 9602 15984 6549 30092 15334 13004 9771 25097 20974 10097 18505 3787 22677 6652 21858 20617 4733 16409 29641 7771 7220 32431 1303 25222 18871 24920 4044 19862 32052 9748 27705 24494 23316 12606 14493 7197 32569 32191 22670 6961 6020 23937 922 28240 1947 7719 10031 2628 31209 26107 8120 11223 486 23847 3337 27296 13208 30505 17917 28188 21594 28801 12125 30977 2268 21676 31236 16078 9323 8278 3137 14247 32114 21452 6781 26208 27457 2480 13086 17624 20750 26096 16811 19080 23097 28920 19760 16731 19413 13095 30180 23744 3939 9344 30217 18174 23264 17571 10772 6345 6659 28411 25614 28434 31936 16184 3642 4899 20240 6656 24824 26858 32244 11745 12265 6037 28087 139 4692 8288 1396 23612 27336 22443 5081 12667 4611 29776 28970 16649 10515 10547 649 8725 22203 32027 628 30895 29720 21696 12943 28799 27780 25381 23204 20407 21691 29735 14568 13894 32061 17750 18304 23887 1011 24837 31555 27353 10516 12189 24514 11720 27466 13111 13445 22028 12049 8553 28568 32024 30048 20319 18759 4757 25996 9262 13605 344 11881 1382 27731 8338 690 29158 27902 17735 13483 16117 4906 2050 13572 11150 11950 4806 30977 15866 14976 2887 3032 8101 6451 27994 20315 27434 31422 27051 12246 8368 20351 7342 20283 13433 27776 12760 27516 27576 17656 18190 1081 31651 23829 9310 923 7882 23032 7149 28288 5287 21250 9776 24536 16246 18510 3679 21326 21575 25214 17191 812 20817 24507 8096 23928 11913 20983 16510 21603 31859 4725 14731 3557 25912 3724 16213 13985 17402 20904 6435 31758 18020 28817 28462 29144 19589 14832 18702 26244 31454 20495 20595 27476 12985 4064 11285 4970 25789 26945 1774 11823 29120 3198 6054 246 3548 4375 15439 17373 22981 31172 32338 26100 9817 14775 4777 23714 5753 7969 10831 580 4888 18167 9973 18454 17809 32246 2039 16215 3134 13029 9102 15784 7494 24090 71 8374 19382 575 25268 29976 8916 10838 25441 1147 19376 2299 8457 3836 28923 7401 25354 13269 5404 32448 16407 19772 3713 15366 7469 17288 7731 25451 6344 7062 21678 9809 13910 17515 14575 13195 24044 26650 26062 12133 1080 17384 4494 27877 3767 19375 13235 19537 18471 7296 15635 25329 31040 652 5680 20502 31135 5701 22469 25436 19715 13504 29087 30763 8379 22366 13230 10884 15711 3755 27996 18682 16575 9350 5917 10238 13337 10627 14920 14944 21135 29069 2853 4883 5079 17360 26951 13361 20277 16854 14876 20286 2726 18927 20930 23217 19038 22743 24092 8368 29813 11923 2086 11036 7390 15004 16261 12493 19864 4927 25699 26655 7976 31812 17273 25261 13638 16590 6253 22108 29655 25730 2655 30620 27 28651 22207 18666 25128 23581 7777 921 23191 24985 2259 32211 16509 11889 12782 
264 146
350 48
93 380
137 217
356 357
80 412
306 442
435 420
328 330
465 174
268 104
171 345
396 52
12 432
348 97
439 412
479 39
432 270
146 374
312 410
407 206
263 470
244 292
227 384
382 409
463 109
371 406
453 226
382 436
108 277
318 264
436 453
153 273
219 389
363 273
420 490
465 294
118 495
339 78
183 441
298 409
137 318
222 153
457 495
88 482
351 293
153 375
53 119
306 409
259 490
218 38
166 269
361 25
319 115
472 120
267 390
173 38
324 129
29 450
63 129
34 360
284 432
46 243
278 30
304 70
103 144
153 150
410 126
232 403
315 447
450 455
331 404
341 104
25 161
158 350
307 19
212 140
225 11
419 126
58 445
293 479
237 217
464 500
328 189
32 264
290 399
242 65
78 330
25 247
241 291
443 388
77 191
35 192
456 29
54 233
354 33
496 426
451 362
213 463
19 155
24 9
396 134
10 420
297 157
450 440
19 151
339 243
380 313
119 215
302 47
499 257
319 65
414 334
6 493
90 365
168 164
284 172
56 377
348 434
200 245
390 253
102 164
35 153
309 230
194 45
19 185
388 104
186 294
358 423
130 278
211 13
43 495
129 86
432 72
276 473
83 397
232 323
237 46
378 265
148 389
270 314
403 282
359 400
82 307
488 245
91 444
154 163
104 301
26 452
240 151
361 22
336 387
177 2
376 407
461 184
166 218
218 203
440 180
214 333
205 452
124 476
393 19
127 410
415 496
379 355
386 498
72 471
411 11
106 296
234 427
235 376
283 321
463 139
353 231
177 312
487 296
435 346
131 37
7 57
353 352
219 24
249 293
370 433
244 97
52 179
118 85
312 140
259 55
143 3
484 327
456 19
397 325
498 121
429 317
30 350
403 446
77 269
330 228
32 307
399 144
206 428
55 393
150 285
353 344
266 231
180 383
119 407
268 223
294 89
77 479
98 38
209 308
27 189
288 282
454 134
217 215
266 378
298 311
330 34
362 52
308 86
450 67
354 67
482 238
3 331
297 323
200 313
460 29
215 409
479 45
116 290
152 244
198 122
33 247
16 245
132 71
249 284
461 31
4 268
266 414
344 183
469 133
444 470
155 337
490 308
188 160
153 130
171 226
439 8
371 326
296 186
50 126
304 370
113 339
463 113
356 200
239 272
168 374
361 250
106 488
168 59
89 183
54 347
315 221
429 175
316 118
73 498
316 39
194 376
162 39
45 187
337 338
378 251
130 260
301 228
401 106
337 54
360 387
195 76
406 157
75 287
105 448
408 33
443 236
144 393
365 395
300 174
422 296
287 188
462 425
477 147
356 48
301 26
268 326
111 62
327 265
133 321
446 210
307 2
369 119
105 109
35 338
268 3
469 500
9 167
18 249
389 244
63 321
188 187
484 394
117 298
418 306
278 56
209 204
153 101
262 254
58 250
120 158
102 304
258 423
327 252
141 356
140 470
49 332
432 92
143 66
207 122
168 395
191 152
238 232
109 99
425 399
188 473
497 40
197 92
213 37
95 450
405 38
20 121
182 255
364 135
406 486
491 353
25 94
394 227
16 332
5 60
55 193
122 47
182 319
387 261
271 172
5 346
220 63
187 83
186 255
292 391
224 452
102 358
85 111
401 295
279 220
354 225
187 424
111 286
214 480
443 466
447 411
362 477
482 230
353 494
424 299
390 336
121 402
169 145
229 135
433 246
57 490
492 199
154 10
308 6
481 59
191 123
303 188
476 95
21 480
145 284
496 40
360 207
184 172
401 110
248 325
164 257
459 149
459 409
492 453
110 44
426 181
40 29
454 303
437 89
441 392
73 354
203 114
166 87
61 293
74 328
294 214
382 125
71 407
108 175
14 262
112 127
281 256
231 368
28 119
128 310
210 398
262 326
68 265
364 241
483 199
208 288
194 201
489 260
256 63
396 178
478 377
127 100
81 496
491 355
93 458
449 174
385 266
116 84
223 23
474 414
485 270
229 462
42 206
381 318
15 344
75 8
165 159
160 159
233 36
441 76
499 41
64 168
198 108
13 54
322 337
492 216
92 170
305 463
96 228
289 455
310 313
188 359
17 216
234 439
390 467
107 68
58 329
97 280
382 335
373 384
372 357
129 69
181 320
342 282
390 421
497 413
39 156
391 142
136 111
374 475
438 251
430 251
36 468
34 272
429 1
51 458
208 340
417 194
443 274
416 410
196 404
132 275
349 489
98 79
111 138
343 274
367 43
431 148
366 146
202 156
336 176
180 190
234
232 88
140 465
212 402
71 45
233 240
208 183
387 450
151 38
270 58
223 322
172 90
24 226
284 386
424 184
498 312
379 33
410 34
50 399
430 92
139 340
122 359
143 221
252 177
80 439
428 98
96 304
441 34
129 94
257 252
118 423
482 365
441 189
189 110
475 404
495 108
162 15
301 21
450 304
281 279
350 275
19 110
199 74
301 99
40 90
453 48
408 356
214 31
329 6
182 149
110 336
323 53
52 87
277 73
32 77
494 469
329 176
167 416
104 183
103 67
7 387
41 258
457 403
35 80
94 354
60 262
367 444
433 153
89 115
344 440
279 271
88 80
217 285
57 106
331 112
339 68
304 432
213 372
343 178
228 441
315 412
216 24
374 439
290 214
153 203
126 210
490 350
363 62
278 319
361 45
80 268
410 391
113 485
184 416
161 495
182 90
210 209
333 50
440 158
461 201
152 499
432 279
217 206
62 255
412 312
6 297
303 451
88 140
409 119
195 84
383 57
157 195
326 12
156 121
123 168
459 430
131 268
398 207
192 160
34 85
315 339
480 429
400 229
320 75
500 448
241 142
1 33
392 471
275 437
380 325
164 197
168 68
464 477
183 129
167 191
70 362
16 288
297 247
219 259
195 343
61 171
379 23
491 481
463 59
268 377
30 486
287 401
111 441
324 246
435 115
270 208
67 19
141 324
454 325
325 428
208 374
66 489
152 198
205 196
356 183
119 339
154 396
165 365
220 455
20 204
132 235
149 350
97 340
420 458
14 208
496 16
228 322
354 456
398 377
51 91
460 187
167 303
55 82
416 368
104 139
154 290
467 334
401 113
371 461
143 478
23 176
230 304
31 124
97 399
474 2
314 280
78 35
424 97
294 346
378 82
207 409
200 220
199 223
336 225
10 442
436 485
89 12
237 391
68 372
32 227
498 486
296 106
380 311
163 130
490 222
137 412
453 265
193 327
338 452
447 75
273 158
290 390
345 238
411 181
395 278
261 390
378 281
250 269
214 486
22 49
20 215
463 421
332 363
268 450
420 71
247 478
61 375
260 149
143 144
359 399
